  1.0000000E+00   1.8957248E-01   2.7281246E-01  -5.1404356E-02   7.4384971E-03   3.5511722E-03  -6.2828288E-03   3.2659811E-03  -7.9709780E-02   6.8583510E-02  -1.3129070E-03
  1.8957248E-01   1.0000000E+00   7.1712254E-01  -9.6109101E-01  -2.4791027E-01   2.5086582E-01  -1.9462548E-01   1.8359177E-01   1.3822798E-01   5.9928930E-02  -3.1262559E-01
  2.7281246E-01   7.1712254E-01   1.0000000E+00  -5.3533969E-01  -2.4270064E-01  -2.9421761E-01  -7.7885227E-02   1.5064543E-01   4.4646721E-01   1.1907813E-02   3.8586226E-01
 -5.1404356E-02  -9.6109101E-01  -5.3533969E-01   1.0000000E+00   1.9884543E-01  -3.3871270E-01   1.9736822E-01  -1.8678129E-01  -1.2853046E-01   3.5573704E-02   4.7402378E-01
  7.4384971E-03  -2.4791027E-01  -2.4270064E-01   1.9884543E-01   1.0000000E+00   2.1120914E-02  -2.7361847E-02   2.6044711E-02   3.9827550E-02   1.4667317E-01   3.3229769E-02
  3.5511722E-03   2.5086582E-01  -2.9421761E-01  -3.3871270E-01   2.1120914E-02   1.0000000E+00  -2.1210623E-01   7.6714896E-02  -6.7832054E-01   2.0055140E-01  -8.8103306E-01
 -6.2828288E-03  -1.9462548E-01  -7.7885227E-02   1.9736822E-01  -2.7361847E-02  -2.1210623E-01   1.0000000E+00  -9.1709102E-01   1.0835132E-01  -6.4473242E-02   1.8407318E-01
  3.2659811E-03   1.8359177E-01   1.5064543E-01  -1.8678129E-01   2.6044711E-02   7.6714896E-02  -9.1709102E-01   1.0000000E+00   5.6055308E-02  -6.0453779E-02  -5.9364979E-02
 -7.9709780E-02   1.3822798E-01   4.4646721E-01  -1.2853046E-01   3.9827550E-02  -6.7832054E-01   1.0835132E-01   5.6055308E-02   1.0000000E+00  -6.2968149E-01   5.6215379E-01
  6.8583510E-02   5.9928930E-02   1.1907813E-02   3.5573704E-02   1.4667317E-01   2.0055140E-01  -6.4473242E-02  -6.0453779E-02  -6.2968149E-01   1.0000000E+00  -1.2772640E-02
 -1.3129070E-03  -3.1262559E-01   3.8586226E-01   4.7402378E-01   3.3229769E-02  -8.8103306E-01   1.8407318E-01  -5.9364979E-02   5.6215379E-01  -1.2772640E-02   1.0000000E+00
