# ombh2 omch2 H0 logA ns fR0 aia nia log10Mc_0 thej_0 sigma8_fofR
  1.3291131E-07   2.3598756E-07   8.1247320E-05  -8.0668387E-07   1.0758799E-08   5.4892109E-07  -1.0288412E-07   7.4427097E-08  -4.9959558E-06   1.2367341E-05  -6.0740951E-09
  2.3598756E-07   1.1659118E-05   2.0002768E-03  -1.4126021E-04  -3.3583426E-06   3.6318806E-04  -2.9850025E-05   3.9185241E-05   8.1143702E-05   1.0121503E-04  -1.3546404E-05
  8.1247320E-05   2.0002768E-03   6.6731016E-01  -1.8824168E-02  -7.8656101E-04  -1.0190365E-01  -2.8577952E-03   7.6923010E-03   6.2701718E-02   4.8114007E-03   4.0000261E-03
 -8.0668387E-07  -1.4126021E-04  -1.8824168E-02   1.8528701E-03   3.3957500E-05  -6.1817463E-03   3.8160306E-04  -5.0256505E-04  -9.5116214E-04   7.5740334E-04   2.5893411E-04
  1.0758799E-08  -3.3583426E-06  -7.8656101E-04   3.3957500E-05   1.5739656E-05   3.5527737E-05  -4.8759045E-06   6.4588264E-06   2.7164845E-05   2.8782198E-04   1.6729832E-06
  5.4892109E-07   3.6318806E-04  -1.0190365E-01  -6.1817463E-03   3.5527737E-05   1.7976885E-01  -4.0394551E-03   2.0331684E-03  -4.9444523E-02   4.2058963E-02  -4.7404118E-03
 -1.0288412E-07  -2.9850025E-05  -2.8577952E-03   3.8160306E-04  -4.8759045E-06  -4.0394551E-03   2.0175500E-03  -2.5749040E-03   8.3670501E-04  -1.4324099E-03   1.0492267E-04
  7.4427097E-08   3.9185241E-05   7.6923010E-03  -5.0256505E-04   6.4588264E-06   2.0331684E-03  -2.5749040E-03   3.9072652E-03   6.0239200E-04  -1.8691129E-03  -4.7090511E-05
 -4.9959558E-06   8.1143702E-05   6.2701718E-02  -9.5116214E-04   2.7164845E-05  -4.9444523E-02   8.3670501E-04   6.0239200E-04   2.9556433E-02  -5.3545451E-02   1.2264442E-03
  1.2367341E-05   1.0121503E-04   4.8114007E-03   7.5740334E-04   2.8782198E-04   4.2058963E-02  -1.4324099E-03  -1.8691129E-03  -5.3545451E-02   2.4465342E-01  -8.0172042E-05
 -6.0740951E-09  -1.3546404E-05   4.0000261E-03   2.5893411E-04   1.6729832E-06  -4.7404118E-03   1.0492267E-04  -4.7090511E-05   1.2264442E-03  -8.0172042E-05   1.6103982E-04
