#          omega_b,        omega_cdm,               H0,     ln10^{10}A_s,              n_s,            lgfR0,              aIA,            etaIA,          log10Mc,             thej,      sigma8_fofR
 1.255235e-07	 2.723758e-07	 1.103344e-04	-1.252646e-06	 1.083100e-07	-1.701608e-05	 1.127237e-06	-1.006555e-06	 6.789041e-06	-5.059054e-06	 5.431805e-07	
 2.723758e-07	 9.861600e-06	 1.713125e-03	-1.186073e-04	-3.024554e-06	 2.724560e-04	-2.349258e-05	 3.833979e-05	 4.456537e-05	 1.179447e-04	-1.140371e-05	
 1.103344e-04	 1.713125e-03	 6.489627e-01	-1.491929e-02	-8.793182e-04	-1.496517e-01	-2.342254e-03	 9.031594e-03	 7.028778e-02	-2.016911e-02	 5.036945e-03	
-1.252646e-06	-1.186073e-04	-1.491929e-02	 1.561869e-03	 2.747746e-05	-5.745989e-03	 2.961096e-04	-4.639650e-04	-1.671766e-04	-3.195645e-04	 2.429136e-04	
 1.083100e-07	-3.024554e-06	-8.793182e-04	 2.747746e-05	 1.474812e-05	 1.361464e-04	-7.661503e-07	 3.720363e-06	 1.598953e-05	 1.101140e-04	-2.711368e-06	
-1.701608e-05	 2.724560e-04	-1.496517e-01	-5.745989e-03	 1.361464e-04	 1.911620e-01	-2.864149e-03	 5.581322e-04	-5.811049e-02	 4.946182e-02	-5.268026e-03	
 1.127237e-06	-2.349258e-05	-2.342254e-03	 2.961096e-04	-7.661503e-07	-2.864149e-03	 2.120072e-03	-2.771325e-03	 1.130541e-03	-2.283562e-03	 7.954707e-05	
-1.006555e-06	 3.833979e-05	 9.031594e-03	-4.639650e-04	 3.720363e-06	 5.581322e-04	-2.771325e-03	 4.220099e-03	 7.154316e-05	 6.115972e-04	-9.815933e-06	
 6.789041e-06	 4.456537e-05	 7.028778e-02	-1.671766e-04	 1.598953e-05	-5.811049e-02	 1.130541e-03	 7.154316e-05	 3.124944e-02	-5.079345e-02	 1.544147e-03	
-5.059054e-06	 1.179447e-04	-2.016911e-02	-3.195645e-04	 1.101140e-04	 4.946182e-02	-2.283562e-03	 6.115972e-04	-5.079345e-02	 1.910187e-01	-7.343094e-04	
 5.431805e-07	-1.140371e-05	 5.036945e-03	 2.429136e-04	-2.711368e-06	-5.268026e-03	 7.954707e-05	-9.815933e-06	 1.544147e-03	-7.343094e-04	 1.735814e-04	
